5 5
5. 6. 22. 20. 8. 18. 15. 10. 21. 19. 16. 23. 4. 1. 14. 9. 12. 25. 3. 13. 2. 7. 11. 17. 24.
12. 24. 13. 18. 19. 17. 5. 16. 11. 23. 9. 2. 25. 15. 10. 8. 6. 14. 22. 7. 3. 4. 1. 20. 21.
16. 3. 15. 2. 9. 4. 6. 22. 25. 20. 5. 21. 13. 7. 11. 17. 18. 1. 24. 19. 8. 23. 12. 10. 14.
4. 11. 7. 14. 10. 3. 8. 1. 9. 12. 20. 22. 17. 6. 24. 5. 21. 2. 23. 15. 13. 19. 25. 16. 18.
1. 25. 21. 23. 17. 2. 7. 14. 13. 24. 8. 19. 3. 18. 12. 11. 16. 10. 20. 4. 9. 5. 6. 22. 15.
25. 9. 24. 15. 14. 5. 16. 3. 12. 10. 19. 1. 6. 11. 7. 18. 2. 8. 4. 20. 22. 21. 23. 13. 17.
6. 8. 2. 10. 16. 1. 21. 13. 17. 14. 15. 5. 12. 22. 4. 19. 3. 24. 7. 23. 20. 9. 18. 25. 11.
13. 23. 5. 19. 21. 20. 25. 15. 7. 6. 14. 16. 9. 8. 18. 10. 17. 12. 11. 22. 1. 3. 2. 24. 4.
3. 1. 17. 12. 4. 11. 22. 9. 24. 18. 23. 20. 2. 25. 21. 13. 5. 16. 15. 6. 14. 10. 7. 8. 19.
7. 20. 18. 11. 22. 8. 23. 4. 19. 2. 13. 24. 10. 17. 3. 14. 25. 9. 21. 1. 12. 15. 16. 6. 5.
14. 17. 6. 13. 18. 12. 20. 25. 5. 3. 21. 9. 7. 4. 22. 24. 10. 11. 16. 8. 15. 1. 19. 23. 2.
9. 2. 8. 1. 12. 21. 4. 7. 23. 15. 25. 17. 24. 5. 16. 20. 19. 22. 13. 14. 6. 11. 3. 18. 10.
10. 22. 3. 16. 15. 19. 18. 8. 1. 9. 2. 13. 11. 12. 23. 7. 4. 21. 6. 17. 24. 20. 5. 14. 25.
11. 7. 4. 21. 24. 6. 14. 17. 10. 13. 3. 18. 20. 19. 1. 23. 15. 5. 2. 25. 16. 22. 8. 9. 12.
23. 19. 20. 5. 25. 22. 2. 24. 16. 11. 10. 6. 8. 14. 15. 12. 9. 3. 1. 18. 21. 17. 13. 4. 7.
2. 12. 25. 24. 23. 13. 11. 20. 3. 4. 17. 7. 14. 21. 6. 15. 1. 19. 8. 10. 18. 16. 9. 5. 22.
21. 10. 16. 7. 1. 14. 12. 5. 6. 17. 11. 15. 22. 20. 9. 4. 13. 18. 25. 3. 23. 2. 24. 19. 8.
20. 15. 14. 8. 11. 24. 9. 21. 18. 1. 4. 10. 5. 2. 19. 6. 22. 23. 12. 16. 25. 13. 17. 7. 3.
22. 13. 9. 3. 5. 7. 19. 2. 15. 16. 18. 8. 1. 23. 25. 21. 11. 17. 14. 24. 10. 6. 4. 12. 20.
17. 18. 19. 4. 6. 25. 10. 23. 8. 22. 24. 12. 16. 3. 13. 2. 20. 7. 9. 5. 11. 14. 21. 15. 1.
15. 5. 23. 9. 2. 16. 3. 18. 4. 25. 1. 11. 19. 13. 8. 22. 7. 20. 10. 12. 17. 24. 14. 21. 6.
8. 14. 1. 25. 13. 9. 24. 19. 20. 5. 6. 4. 18. 10. 2. 3. 23. 15. 17. 21. 7. 12. 22. 11. 16.
18. 16. 10. 17. 3. 23. 1. 12. 22. 21. 7. 14. 15. 9. 5. 25. 24. 6. 19. 11. 4. 8. 20. 2. 13.
19. 4. 12. 6. 7. 10. 17. 11. 2. 8. 22. 3. 21. 24. 20. 16. 14. 13. 18. 9. 5. 25. 15. 1. 23.
24. 21. 11. 22. 20. 15. 13. 6. 14. 7. 12. 25. 23. 16. 17. 1. 8. 4. 5. 2. 19. 18. 10. 3. 9.
